page_key,url,baseline_start,baseline_end,clicks,impressions,ctr,avg_position,gsc_url_variant_count,top_gsc_url_variants,top_queries,launch_status
country_code_1058,https://www.biyapay.com/en/blogdetail/1058-telephone-area-codes-in-mexico-country-code-52-sim,2026-03-01,2026-05-31,13,50701,0.03,6.47,3,https://www.biyapay.com/en/blogdetail/1058-telephone-area-codes-in-mexico-a-guide-to-calling | https://www.biyapay.com/zh/BlogDetail/1058-post-telephone-area-codes-in-mexico-a-guide-t | https://www.biyapay.com/zh/blogdetail/1058-telephone-area-codes-in-mexico-country-code-52-sim,+52 area code | +52 country code | country code 52 | 52 country code | 52 area code | mexico area code,ready_for_editor_review
boa_1054,https://www.biyapay.com/en/blogdetail/1054-what-is-the-withdrawal-limit-of-bank-of-america-at,2026-03-01,2026-05-31,17,25987,0.07,9.28,2,https://www.biyapay.com/en/blogdetail/1054-what-is-the-withdrawal-limit-of-bank-of | https://www.biyapay.com/zh/blogdetail/1054-what-is-the-withdrawal-limit-of-bank-of,bank of america atm withdrawal limit | maximum atm withdrawal bank of america | bank of america atm limit | bank of america withdrawal limit | how much can i withdraw from bank of america atm | bank of america atm withdrawal limit daily,ready_for_editor_review
wechat_2572,https://www.biyapay.com/en/blogdetail/2572-wechat-realname-authentication-how-overseas-users,2026-03-01,2026-05-31,46,5464,0.84,6.04,2,https://www.biyapay.com/en/blogdetail/2572-wechat-realname-authentication-how-overseas-users | https://www.biyapay.com/zh/blogdetail/2572-wechat-realname-authentication-how-overseas-users,韩国手机号注册微信是否需要实名 | 微信实名认证 | real name authentication | 微信如何实名认证 | wechat real name verification | 微信實名認證,ready_for_editor_review
